0.1475849 0.52652234 -0.12725621 -0.091972165 0.12541734 -0.07668501 -0.4988333 -0.67497164 -0.17127667 -0.018936666 -0.14606574 0.08035525 -0.0024580022 -0.09014833 0.233922 0.368785 0.021777416 -0.14198251 0.0895515 -0.18927085 0.51601356 -0.26921052 -0.1588165 0.10725167 0.12664819 -0.33827505 -0.16212092 0.044154007 -0.2862589 -0.2861575 1.3170803 -0.19756185 -0.19452743 -0.30318832 -0.16013497 -0.074812405 0.22852282 0.156574 -0.1309125 -0.14577666 0.25149667 -0.44123563 -0.096986234 -0.1586045 0.5126475 0.542998 0.14273584 -0.2972853 -0.020193318 -0.18898404
0.16768543 0.551134 0.42794278 0.0100457175 0.36111712 0.106721446 -0.50818 -0.6061383 0.021801563 -0.19717573 0.090144984 0.21134527 0.47825542 0.0034823078 -0.16364002 0.48966095 -0.2789686 -0.12089572 -0.09815144 -0.20884602 0.214907 -0.040345006 -0.27537712 -0.0040457165 0.49409395 -0.50705487 0.24290273 0.18944974 -0.0020217109 -0.43559226 1.4634649 -0.15541564 0.002542283 -0.13290857 0.011905993 0.26669803 0.304692 -0.041561287 -0.32457143 -0.03617586 0.8656871 0.21185143 -0.3680957 0.14703713 0.08546142 0.13269243 0.451001 -0.004528578 -0.22261 -0.3126257
0.07070957 0.43370563 -0.18986812 -0.040589735 0.36786464 0.12702298 -0.251748 -0.214125 -0.16331181 -0.306253 -0.16472623 0.2638387 0.11622801 0.19138801 0.013542397 0.133048 -0.14980529 0.1041623 -0.18501508 -0.842181 0.101566 -0.28079692 -0.17418158 -0.265448 0.2871031 -0.463278 -0.2825065 0.44076794 0.38446203 -0.15650399 1.2104967 -0.33225065 -0.07794959 0.051980596 0.146296 0.30406398 0.10528229 0.4921692 0.24144869 -0.091361605 0.15021941 0.13423401 -0.106510594 -0.13735881 0.16043651 0.3804441 0.2585222 -0.9150244 -0.032582305 -0.1710575
-0.36673117 0.47387004 -0.5564477 -0.3026 0.3481412 -0.041511994 -0.6951117 -0.52151346 -0.25964472 -0.112850346 -0.0075543323 -0.22722 -0.005718837 -0.010014991 0.43955132 -0.13633 -0.1264805 -0.19333668 -0.19013636 -0.2647482 -0.030981004 -0.27786168 -0.156889 -0.10930416 0.02345699 -0.47884834 -0.6427538 0.012236655 -0.14874685 -0.28967333 1.7315 -0.217616 -0.1218085 0.18903665 0.049097497 0.06220667 0.17139734 0.5603767 -0.09624666 -0.17402099 -0.16398834 -0.24260135 -0.052130997 -0.26091015 0.25741166 0.019387668 0.16837834 -0.94016504 -0.126495 -0.16106367
-0.23555773 0.49790445 -0.18264881 0.047995556 0.19273967 0.3558268 -0.58044446 -0.54251754 0.011453511 0.13613509 -0.0475689 0.055230662 -0.13491777 -0.060674448 0.6414871 0.21577556 0.23923779 -0.2059411 -0.011608575 0.23826122 0.34156445 0.112089664 0.07561554 -0.20558222 -0.0050466657 -0.14427678 -0.41285235 -0.064741336 -0.13360044 -0.25499222 0.9803603 -0.20175666 0.20335335 0.08646667 0.0019477648 0.24958335 0.228589 0.18406989 0.13938901 -0.01711111 0.01602755 0.11885556 -0.21311921 -0.3258062 0.16816077 -0.17192912 -0.13572444 -0.4084007 -0.14796244 0.019092225
-0.22877899 0.45998117 -0.4339196 -0.121272855 0.27527428 0.12702571 -0.33329776 -0.38709158 -0.10882 -0.48442057 -0.10983243 -0.38278002 0.3622953 -0.22666727 -0.20772429 0.28443354 0.42409712 0.16012128 -0.22950718 -0.51502717 0.06250858 -0.2864243 -0.194917 0.04578 0.014097273 -0.24736142 -0.25766498 0.8597457 0.031129565 -0.48933712 1.1150857 -0.06824443 -0.052869137 0.12102999 -0.12872072 0.17264329 0.165623 0.23777829 0.018078728 -0.062917136 0.29124573 -0.20384887 -0.08858715 -0.24314661 0.03866286 0.45390573 -0.012862285 -0.49899286 0.08093572 -0.6050266
0.30005142 0.47753543 0.20059468 -0.038726766 0.40351725 -0.11205717 -0.0018042794 -0.028366128 -0.34713486 0.19470987 -0.13105801 0.10820443 0.017137153 0.55379426 -0.11045478 0.13202855 -0.24669719 -0.024692867 -0.16992542 -0.8986971 -0.008521425 -0.34927413 0.09812443 -0.1785346 -0.024505993 -0.7065443 -0.4022815 0.45175895 0.31719527 -0.1932443 1.9297167 0.29949588 -0.021975296 -0.27410573 0.22605857 0.23470601 0.06074057 0.06997973 -0.23200314 -0.1704153 -0.15142015 0.16754 -0.21471271 -0.08678114 0.23121259 0.37332457 0.09491142 -0.59718853 -0.13512456 -0.33301815
0.095966004 0.49620166 -0.37503767 -0.02309334 0.4133133 0.14158349 -0.72790504 -0.5245277 0.04986067 -0.07839834 -0.12340633 0.07013067 0.35923085 0.09342533 0.43616498 0.034135 -0.30318066 -0.0960905 0.07187917 -0.42165837 0.7094507 -0.11897317 -0.34636664 0.104773335 -0.10820401 -0.541405 -0.50692785 0.28940317 0.18367334 -0.565321 1.9680666 -0.17072733 0.26101166 -0.1496 -0.037869673 0.47591496 0.20171499 0.28233668 0.013497154 -0.086323164 0.22809368 -0.05074 0.14823149 0.16741233 -0.07554148 0.025958994 -0.04512149 -0.44435167 0.16025034 -0.30185583
0.10950999 0.25996426 -0.40531 -0.3733026 -0.12358149 0.04155875 -0.7705012 0.022948742 -0.35569516 -0.3302446 0.18714425 0.16400604 -0.3410174 -0.33086762 0.11306375 -0.31653187 0.20947453 0.007816255 -0.5419975 -0.044956252 0.19927502 0.21611287 -0.34402674 -0.23271877 0.230223 -0.5872975 -0.10727874 -0.50591123 -0.22960813 0.264822 1.3579445 -0.36677372 -0.31877965 -0.39871353 0.18621774 0.20929845 0.12091762 0.5595587 0.18651064 0.09190075 0.20852876 0.024504997 0.05556876 -0.53735703 -0.099589124 0.055425126 -0.16580725 -0.6739948 -0.05207012 -0.10609537
-0.16493998 0.4107471 -0.07586857 -0.30490425 0.35555342 0.42630473 -0.91357434 -0.16422342 -0.5144757 0.0023931435 0.11826142 -0.41642025 -0.24751285 -0.035498567 0.66063005 -0.3943658 -0.13452485 0.27921858 -0.63179004 0.11479571 0.13565572 0.31629458 -0.082515694 -0.09974301 0.033365708 -1.3088529 -0.16724528 -0.3486984 -0.31514 0.11589499 2.5781522 -0.24686241 0.01739272 -0.30197287 0.35422713 0.101865426 0.07747571 0.5126315 0.2293713 -0.12435114 -0.3944057 0.20761286 0.058264144 -0.2962994 -0.07154007 -0.037704706 -0.2630686 -0.44659573 -0.19834542 -0.10680715
0.07325874 0.1994255 -0.4136674 0.2865571 0.041090246 0.18821 -0.20638251 0.10138749 0.27935636 -0.10963774 0.071089625 0.23088063 -0.086756244 -0.08460686 0.09354909 -0.022838132 -0.164893 0.001735881 -0.29475135 -0.31232598 0.14148502 -0.012548 0.24063 0.3919776 0.29086262 -0.8338001 -0.21024638 -0.028698877 0.2550259 -0.056485124 2.174145 -0.14769988 0.0034799986 -0.01434873 0.22334512 0.21499553 0.1643745 0.207288 -0.12192437 0.12985837 0.297128 0.12659813 -0.32767627 0.24415052 0.06394124 0.1253205 0.2355775 -0.30622828 0.09872576 -0.05257114
